-2.315418972591912095e+00 -6.584434147745964472e-01 1.849387206646815329e-01
-1.882937868835472095e+00 -1.333646056773286848e+00 -4.229056857657965685e-01
-1.504750915813992673e+00 -1.316361259235456993e+00 -1.278436765323545554e+00
-1.574026372109457839e+00 -1.919565625175903012e+00 -1.366367486372959794e+00
-2.797372190787085433e+00 -2.296721806120494980e-01 7.454933394280637282e-01
-3.057841430358950063e+00 -3.620814212923764708e-01 1.670239722252252257e+00
-2.454046282503288712e+00 -6.935713833298802200e-01 6.611133117385659119e-01
-1.986853011735799646e+00 -1.007311236596535098e+00 -1.744712049648573515e-01
-2.310524455889498618e+00 -3.063602872980246139e-01 4.939606977022655832e-01
-2.350131139602960495e+00 -1.019906203506633080e+00 4.126788309376268060e-01
-1.870533600022695087e+00 -6.265372173896335273e-01 -3.567706930603191107e-01
-2.131922017812733827e+00 -1.018345081802618068e+00 2.845775593048492924e-01
-2.301540004722177901e+00 -1.618513801065951219e+00 -1.494475284406543425e-01
-1.468827523453288819e+00 -9.848777627136400259e-01 -3.852331260529299750e-01
-1.801330624133416825e+00 -1.314334826298422021e+00 -3.774650635883123884e-01
-1.367229860507646499e+00 -1.074712744273649934e+00 -1.168580528674788344e+00
-1.711772702462883711e+00 -1.109654588335726055e+00 -2.807767482536989156e-01
-2.050165895384044923e+00 -8.793126398041269942e-01 -2.133927601129728124e-01
-1.947208129362114626e+00 -8.794057020507309863e-01 -4.192073547865753369e-01
-1.620151149308923788e+00 -1.437736654709700801e+00 -8.127391467690638915e-01
-1.492457326067626155e+00 -1.314614013038233775e+00 -9.949088476091192401e-01
-1.748840548088840929e+00 -6.489771567882152148e-01 -2.619315432153163092e-01
-2.919175921787348749e+00 -9.125938343998971636e-01 8.680471145920097831e-01
-2.995888649786992541e+00 -5.798219373981904345e-01 1.131628469452111485e+00
-1.610175039517241169e+00 -1.199489569895735741e+00 -1.064124150875557229e+00
-1.736359881955618079e+00 -1.113149080730171825e+00 -8.478325836825515438e-01
-2.111969798229369033e+00 -5.418509121746882817e-01 -2.181924489081376040e-01
-1.610175039517241169e+00 -1.199489569895735741e+00 -1.064124150875557229e+00
-1.434038959121793910e+00 -1.794695737307212102e+00 -1.265009269498588385e+00
-1.917539356780111337e+00 -9.897472523188931559e-01 -4.125585005017999851e-01
-2.011589068955166759e+00 -1.130526940514605894e+00 -1.981160987984046384e-01
-4.373351094771912306e-01 -1.638291901039975462e+00 -2.528618845043626884e+00
-1.694359320967024907e+00 -1.807383766463914077e+00 -8.836738282697059743e-01
-1.665835001650274982e+00 -1.125564388662748661e+00 3.502387032406772960e-02
-2.153272539132607744e+00 -9.989407890811492496e-01 5.358327761559351643e-01
-1.328653034078768336e+00 -1.325927044984128944e+00 -1.153303867360220281e+00
-2.410977665569887574e+00 -1.008686233807342125e+00 3.652592560151253220e-01
-1.672089621428975992e+00 -1.567389435452727575e+00 -8.515309146617726643e-01
-2.312952614910594118e+00 -7.752220418677132630e-01 1.764407008902955099e-01
-1.812115233076863063e+00 -1.106618941658612965e+00 -6.268711149497885327e-01
2.229847763533465144e-01 1.390326435513546510e+00 6.030657916557697895e-01
2.714270335074965290e-01 6.719976264306030123e-01 5.843503738727938712e-01
4.980650856262625603e-01 1.287983083774355109e+00 4.967602483669282254e-01
1.152955924704248236e+00 -3.445334845783881161e-01 -1.409008557885782054e+00
8.168038144173257464e-01 8.205893886620777566e-01 -1.546756147514234403e-01
6.332343792319605758e-01 -1.105109191591355788e-01 -3.629395449689981623e-01
2.861869809351821337e-01 5.569662455347089702e-01 8.593802718128338292e-01
5.830301629619082382e-01 -1.082260120867113207e+00 -1.563056421276775021e+00
5.080793940781679341e-01 9.405897869255144261e-01 -8.064277232592180489e-02
7.005608000246670297e-01 -7.314653938704316349e-01 -6.244121598286740404e-01
6.295128892189785219e-01 9.306704281687841473e-02 7.750002441233363459e-01
4.873568740032628854e-01 3.244182050885543456e-01 -4.046818361672611664e-01
1.293824317249863354e+00 6.253754086857629124e-01 -6.982341939660338115e-01
5.897248374404465698e-01 3.742606357375748427e-01 -3.612201667347942347e-01
4.314048647387486168e-01 6.877213022644180773e-01 -1.430794340521778785e-01
4.115633242217943688e-01 9.165887258229176160e-01 1.422976491518593289e-01
7.757606303071298282e-01 1.188582316465672362e+00 -1.614542562916055357e-01
8.364582785474234949e-01 1.057641135242756603e+00 4.293762602262019001e-01
6.717730070006152632e-01 2.239151617931902927e-01 -2.164486706807358662e-02
3.573837694675033871e-01 -1.478449796289751650e-01 -1.083443073734482009e+00
7.922930322450381091e-01 -3.541858670579771662e-01 -1.373767483352989371e+00
6.770416764767408502e-01 -3.558400510085961699e-01 -1.451480806393813383e+00
5.096647722015347215e-01 -2.122784556306240786e-02 -6.985569391456836197e-01
1.183356799117568636e+00 2.704427590252859170e-01 -2.495326149603240007e-01
5.564109721659078467e-01 -4.831006153438583417e-01 1.180347349000517021e-01
1.090210432551503295e-01 1.874121960270993537e-01 9.942601849857942709e-01
4.485929711875282777e-01 1.041551675938212407e+00 4.494704606998334295e-01
1.242034722856444784e+00 6.154438394663621636e-01 -1.280436903454048592e+00
2.665707154653069733e-01 -2.657258827087742858e-01 -5.068961975114742724e-02
8.926355628590171287e-01 -3.572215137350901459e-01 -1.027673116656899754e+00
7.832361006715300444e-01 -3.330343281392854626e-01 -8.389843487874759642e-01
4.782999424297544877e-01 3.455697440072460491e-01 1.301012983982520743e-01
6.670273680248354209e-01 -8.446754159756457089e-03 -8.740777857009636165e-01
7.107239862032058708e-01 -9.591374791956464030e-01 -1.745226122116830147e+00
6.842536731338383360e-01 -2.402567621487662897e-01 -6.075459075353086824e-01
2.032578318170619736e-01 -1.377272859163664598e-01 -8.961117489926276325e-02
4.214669536072897515e-01 -1.361661642123513649e-01 -2.177124465320411373e-01
4.363375801013846811e-01 4.541640480781850564e-01 -1.600754736009498691e-01
4.543789628422137961e-01 -8.791410046084332519e-01 -1.338266834309383091e+00
5.244247196292199931e-01 -1.362592264589553570e-01 -4.235270412056437728e-01
1.432258842452597936e+00 5.976022083901000315e-01 1.619387675416896544e+00
1.452436337083041096e+00 2.253682621604539277e-02 -7.882930756410772011e-02
1.423610345398766519e+00 1.563557763542471779e+00 8.499560017828495795e-01
1.227747320467033942e+00 6.307102095240356698e-01 3.581641538508478217e-01
1.499255017453601457e+00 8.516660312844834824e-01 8.463874580590349250e-01
1.601695461296972045e+00 2.192510436782737937e+00 9.984742190689089858e-01
1.395641546920799447e+00 -1.044839463666356494e+00 -7.526610690807578052e-01
1.393500647958649585e+00 1.843556018229883131e+00 5.491724700088373989e-01
1.792927443233593765e+00 1.136074929859815175e+00 -3.402209013910492685e-01
1.046783495453574186e+00 1.636014885318048950e+00 2.283019889288855353e+00
8.724198695683500482e-01 8.034842501017688265e-01 9.965618829104621046e-01
1.492043020796503194e+00 7.360827424246538797e-01 2.452559200530946004e-03
1.322199758839979644e+00 1.187473574963303413e+00 7.638744462230460108e-01
1.776069582576517369e+00 -9.277374141965930021e-02 -4.212431936448745584e-01
1.762520860498486552e+00 -7.721652733985187589e-03 4.246706579586463359e-01
1.193437879653874489e+00 6.852310980355551528e-01 1.206056958199386964e+00
1.065452009281097290e+00 8.514863723069623358e-01 5.506810399548996982e-01
6.731990120030282299e-01 2.260191131199666081e+00 2.610027326799646996e+00
2.377574953743395003e+00 2.344410566915451799e+00 4.148748765263406413e-01
1.718906347962348313e+00 3.005086479664219601e-01 -1.280584541073352955e+00
1.289915750850024967e+00 1.294872540800956262e+00 1.309134553307962578e+00
1.360852982589304316e+00 -2.350214890727841399e-01 1.271150743649008263e-01
1.798702939493957986e+00 2.333197062731847904e+00 5.782172226919113367e-01
1.297650778007468864e+00 5.983387009060531225e-01 -1.291994057921632133e-01
9.885904035548220836e-01 1.064537057785044372e+00 1.357673336410305520e+00
9.238792181700656858e-01 1.688434116926849526e+00 1.067236989900290922e+00
1.142754539865486585e+00 4.687789824096312286e-01 3.782342098872965019e-02
9.377581860397998792e-01 7.283637306354955321e-01 7.328507407949549357e-01
8.873668933828915417e-01 2.225336990666963166e-01 4.021628226688400143e-01
1.162370805335361190e+00 1.291471110653114485e+00 9.478933125527119197e-01
1.485855173102203386e+00 1.056439331493783440e+00 1.148890368067250645e+00
1.256861442368529591e+00 1.262594094429577707e+00 1.027585588338552958e+00
1.452436337083041096e+00 2.253682621604539277e-02 -7.882930756410772011e-02
1.346786938332713124e+00 1.190968067357749183e+00 1.330930281651899305e+00
1.340786167025270537e+00 1.045405486287700692e+00 1.607939132336956511e+00
1.419156753554466466e+00 1.041817931646650708e+00 8.350687022345011368e-01
1.673222495620997119e+00 6.126809140133741005e-01 -4.328215239802215009e-01
1.159942646314266357e+00 8.226093560834257801e-01 6.303733157407411802e-01
9.652526480719652024e-01 4.454228915175753034e-01 1.585543233938657925e+00
9.714404957662648998e-01 1.250663024484452157e-01 4.391054250719381713e-01
